lean [[346.0, 0.0], [54.0, 0.0]]
stand [[440.0, 0.0], [60.0, 0.0]]
sit [[2211.0, 0.0], [289.0, 0.0]]
nuzzle [[34.0, 0.0], [16.0, 0.0]]
admire [[2054.0, 0.0], [446.0, 0.0]]
brush [[160.0, 0.0], [40.0, 0.0]]
empty [[250.0, 0.0], [50.0, 0.0]]
rinse [[382.0, 0.0], [68.0, 0.0]]
clean [[1484.0, 0.0], [266.0, 0.0]]
spear [[137.0, 0.0], [13.0, 0.0]]
taste [[91.0, 0.0], [9.0, 0.0]]
eat [[2020.0, 0.0], [280.0, 0.0]]
bake [[126.0, 0.0], [24.0, 0.0]]
arrange [[348.0, 0.0], [52.0, 0.0]]
wipe [[659.0, 0.0], [91.0, 0.0]]
carry [[212.0, 0.0], [38.0, 0.0]]
work [[332.0, 0.0], [68.0, 0.0]]
type [[258.0, 0.0], [42.0, 0.0]]
drink [[430.0, 0.0], [70.0, 0.0]]
arch [[176.0, 0.0], [24.0, 0.0]]
open [[265.0, 0.0], [35.0, 0.0]]
check [[219.0, 0.0], [31.0, 0.0]]
fill [[292.0, 0.0], [58.0, 0.0]]
ascend [[206.0, 0.0], [44.0, 0.0]]
ask [[854.0, 0.0], [146.0, 0.0]]
aim [[326.0, 0.0], [74.0, 0.0]]
feed [[561.0, 0.0], [89.0, 0.0]]
browse [[42.0, 0.0], [8.0, 0.0]]
chase [[81.0, 0.0], [19.0, 0.0]]
restrain [[43.0, 0.0], [7.0, 0.0]]
photograph [[617.0, 0.0], [133.0, 0.0]]
walk [[1024.0, 0.0], [226.0, 0.0]]
talk [[122.0, 0.0], [28.0, 0.0]]
pick [[657.0, 0.0], [93.0, 0.0]]
swing [[383.0, 0.0], [67.0, 0.0]]
hit [[209.0, 0.0], [41.0, 0.0]]
drive [[218.0, 0.0], [82.0, 0.0]]
sell [[38.0, 0.0], [12.0, 0.0]]
wash [[533.0, 0.0], [117.0, 0.0]]
attack [[174.0, 0.0], [26.0, 0.0]]
clear [[130.0, 0.0], [20.0, 0.0]]
autograph [[34.0, 0.0], [16.0, 0.0]]
applaud [[161.0, 0.0], [39.0, 0.0]]
climb [[110.0, 0.0], [40.0, 0.0]]
wave [[73.0, 0.0], [27.0, 0.0]]
parachute [[31.0, 0.0], [19.0, 0.0]]
scratch [[41.0, 0.0], [9.0, 0.0]]
run [[128.0, 0.0], [22.0, 0.0]]
race [[86.0, 0.0], [14.0, 0.0]]
stir [[87.0, 0.0], [13.0, 0.0]]
storm [[44.0, 0.0], [6.0, 0.0]]
kick [[43.0, 0.0], [7.0, 0.0]]
adjust [[600.0, 0.0], [100.0, 0.0]]
pull [[224.0, 0.0], [26.0, 0.0]]
break [[168.0, 0.0], [32.0, 0.0]]
tear [[45.0, 0.0], [5.0, 0.0]]
bite [[356.0, 0.0], [44.0, 0.0]]
chew [[137.0, 0.0], [13.0, 0.0]]
waddle [[47.0, 0.0], [3.0, 0.0]]
cook [[130.0, 0.0], [20.0, 0.0]]
balloon [[94.0, 0.0], [6.0, 0.0]]
videotape [[81.0, 0.0], [19.0, 0.0]]
shop [[42.0, 0.0], [8.0, 0.0]]
throw [[530.0, 0.0], [70.0, 0.0]]
strike [[40.0, 0.0], [10.0, 0.0]]
pour [[300.0, 0.0], [50.0, 0.0]]
apply [[129.0, 0.0], [21.0, 0.0]]
spray [[123.0, 0.0], [27.0, 0.0]]
squeeze [[127.0, 0.0], [23.0, 0.0]]
shake [[126.0, 0.0], [24.0, 0.0]]
shave [[87.0, 0.0], [13.0, 0.0]]
call [[258.0, 0.0], [42.0, 0.0]]
shear [[220.0, 0.0], [30.0, 0.0]]
yank [[86.0, 0.0], [14.0, 0.0]]
practice [[91.0, 0.0], [9.0, 0.0]]
attach [[90.0, 0.0], [10.0, 0.0]]
release [[42.0, 0.0], [8.0, 0.0]]
pat [[384.0, 0.0], [66.0, 0.0]]
write [[129.0, 0.0], [21.0, 0.0]]
ail [[120.0, 0.0], [30.0, 0.0]]
turn [[239.0, 0.0], [61.0, 0.0]]
pump [[44.0, 0.0], [6.0, 0.0]]
twirl [[45.0, 0.0], [5.0, 0.0]]
tilt [[91.0, 0.0], [9.0, 0.0]]
repair [[46.0, 0.0], [4.0, 0.0]]
scrub [[90.0, 0.0], [10.0, 0.0]]
whip [[39.0, 0.0], [11.0, 0.0]]
assemble [[225.0, 0.0], [25.0, 0.0]]
tip [[165.0, 0.0], [35.0, 0.0]]
skate [[124.0, 0.0], [26.0, 0.0]]
jump [[207.0, 0.0], [43.0, 0.0]]
crouch [[81.0, 0.0], [19.0, 0.0]]
poke [[41.0, 0.0], [9.0, 0.0]]
place [[41.0, 0.0], [9.0, 0.0]]
beg [[42.0, 0.0], [8.0, 0.0]]
flip [[84.0, 0.0], [16.0, 0.0]]
arrest [[89.0, 0.0], [11.0, 0.0]]
push [[88.0, 0.0], [12.0, 0.0]]
catch [[38.0, 0.0], [12.0, 0.0]]
draw [[38.0, 0.0], [12.0, 0.0]]
bow [[40.0, 0.0], [10.0, 0.0]]
buckle [[35.0, 0.0], [15.0, 0.0]]
board [[35.0, 0.0], [15.0, 0.0]]
microwave [[36.0, 0.0], [14.0, 0.0]]
scoop [[140.0, 0.0], [10.0, 0.0]]
fish [[47.0, 0.0], [3.0, 0.0]]
hang [[42.0, 0.0], [8.0, 0.0]]
fall [[121.0, 0.0], [29.0, 0.0]]
complain [[43.0, 0.0], [7.0, 0.0]]
slouch [[45.0, 0.0], [5.0, 0.0]]
stack [[45.0, 0.0], [5.0, 0.0]]
apprehend [[47.0, 0.0], [3.0, 0.0]]
uncork [[42.0, 0.0], [8.0, 0.0]]
slide [[47.0, 0.0], [3.0, 0.0]]
lift [[92.0, 0.0], [8.0, 0.0]]
read [[43.0, 0.0], [7.0, 0.0]]
vacuum [[41.0, 0.0], [9.0, 0.0]]
stroke [[43.0, 0.0], [7.0, 0.0]]
knock [[44.0, 0.0], [6.0, 0.0]]
pinch [[45.0, 0.0], [5.0, 0.0]]
water [[45.0, 0.0], [5.0, 0.0]]
cry [[45.0, 0.0], [5.0, 0.0]]
wait [[42.0, 0.0], [8.0, 0.0]]
load [[35.0, 0.0], [15.0, 0.0]]
operate [[72.0, 0.0], [28.0, 0.0]]
guard [[44.0, 0.0], [6.0, 0.0]]
stretch [[44.0, 0.0], [6.0, 0.0]]
buy [[40.0, 0.0], [10.0, 0.0]]
put [[40.0, 0.0], [10.0, 0.0]]
wrinkle [[44.0, 0.0], [6.0, 0.0]]
rest [[45.0, 0.0], [5.0, 0.0]]
communicate [[44.0, 0.0], [6.0, 0.0]]
wrap [[40.0, 0.0], [10.0, 0.0]]
yawn [[40.0, 0.0], [10.0, 0.0]]
